datetime,PLa,PLb,PLc,PLtot,PVa,PVb,PVc,PVtot
2023-03-19 00:00:00,0.242014706,0.06146,0.462316566,0.704424578,0.04316,0,0.07845,0.04107
2023-03-19 00:15:00,0.278629929,0.06146,0.451795189,0.73041776,0.04316,0,0.07845,0.04107
2023-03-19 00:30:00,0.236034884,0.06146,0.510023524,0.745841158,0.04316,0,0.07845,0.04107
2023-03-19 00:45:00,0.278747737,0.06146,0.488965917,0.768001491,0.04316,0,0.07845,0.04107
2023-03-19 01:00:00,0.235130853,0.06146,0.419527435,0.654702305,0.04316,0,0.07845,0.04107
2023-03-19 01:15:00,0.236006379,0.06146,0.376183496,0.612109969,0.04316,0,0.07845,0.04107
2023-03-19 01:30:00,0.277984999,0.06146,0.534149791,0.81202361,0.04316,0,0.07845,0.04107
2023-03-19 01:45:00,0.235378787,0.06146,0.387573397,0.62297189,0.04316,0,0.07845,0.04107
2023-03-19 02:00:00,0.277373867,0.06146,0.383318911,0.660575063,0.04316,0,0.07845,0.04107
2023-03-19 02:15:00,0.235654696,0.06146,0.533200909,0.768779182,0.04316,0,0.07845,0.04107
2023-03-19 02:30:00,0.277650163,0.06146,0.38619517,0.66384733,0.04316,0,0.07845,0.04107
2023-03-19 02:45:00,0.23553362,0.06146,0.385247245,0.620780775,0.04316,0,0.07845,0.04107
2023-03-19 03:00:00,0.235860439,0.06146,0.529564387,0.765424589,0.04316,0,0.07845,0.04107
2023-03-19 03:15:00,0.277239429,0.06146,0.383425866,0.660665526,0.04316,0,0.07845,0.04107
2023-03-19 03:30:00,0.23576863,0.06146,0.388963743,0.624732141,0.04316,0,0.07845,0.04107
2023-03-19 03:45:00,0.277792938,0.06146,0.532094042,0.809887151,0.04316,0,0.07845,0.04107
2023-03-19 04:00:00,0.235795605,0.06146,0.376773668,0.61256949,0.04316,0,0.07845,0.04107
2023-03-19 04:15:00,0.236259338,0.06146,0.396531849,0.632791276,0.04316,0,0.07845,0.04107
2023-03-19 04:30:00,0.272809269,0.06146,0.544205188,0.817015502,0.04316,0,0.07845,0.04107
2023-03-19 04:45:00,0.231867228,0.06146,0.370084375,0.601886643,0.04316,0,0.07845,0.04107
2023-03-19 05:00:00,0.271901123,0.06146,0.393664298,0.665725294,0.04316,0,0.07845,0.04107
2023-03-19 05:15:00,0.231607015,0.06146,0.543954583,0.775902234,0.04316,0,0.07845,0.04107
2023-03-19 05:30:00,0.272316862,0.06146,0.372757715,0.645067056,0.04316,0,0.07845,0.04107
2023-03-19 05:45:00,0.230852069,0.06146,0.392814454,0.623700144,0.04316,0,0.07845,0.04107
2023-03-19 06:00:00,0.271952586,0.06146,0.522064802,0.79430847,0.04316,0,0.07845,0.04107
2023-03-19 06:15:00,0.230771546,0.06146,0.359634749,0.590495793,0.04316,0,0.07845,0.04107
2023-03-19 06:30:00,0.230420223,0.06146,0.290397116,0.520819573,0.04316,0,0.07845,0.04107
2023-03-19 06:45:00,0.27363538,0.06146,0.359449373,0.632737277,0.072662458,0,0.090821448,0.070884917
2023-03-19 07:00:00,0.229580421,0.06146,0.348534315,0.578149464,0.121612875,0,0.033222876,0.152302618
2023-03-19 07:15:00,0.270594222,0.06146,0.290286821,0.560879278,0.237764397,0,0.131399599,0.36916793
2023-03-19 07:30:00,0.264471169,0.06146,0.355630748,0.619793306,0.336019351,0,0.220771633,0.556698355
2023-03-19 07:45:00,0.244143333,0.06146,0.358734152,0.603264039,0.440485801,0,0.315116869,0.755599555
2023-03-19 08:00:00,0.277860294,0.06146,0.290179296,0.568028021,0.697199554,0,0.555706595,1.252694458
2023-03-19 08:15:00,0.247198782,0.06146,0.383320384,0.630128967,0.874289965,0,0.719305431,1.593061144
2023-03-19 08:30:00,0.284455896,0.06146,0.345600713,0.630059734,0.798274691,0,0.646926866,1.445067122
2023-03-19 08:45:00,0.240675221,0.06146,0.285300409,0.525996725,0.592765518,0,0.457401089,1.049595953
2023-03-19 09:00:00,0.279335317,0.06146,0.396534431,0.675708729,0.626141067,0,0.488789111,1.114779791
2023-03-19 09:15:00,0.236796026,0.06146,0.338921103,0.576119089,1.031702397,0,0.867517853,1.900058325
2023-03-19 09:30:00,0.277083184,0.06146,0.276937806,0.554044588,1.054648863,0,0.889099744,1.943953621
2023-03-19 09:45:00,0.234209245,0.06146,0.472576128,0.707118391,1.306146988,0,1.126012593,2.433112539
2023-03-19 10:00:00,0.233959388,0.06146,0.292296788,0.526254306,1.057425801,0,0.893683501,1.951270538
2023-03-19 10:15:00,0.273330227,0.06146,0.269113379,0.542439352,1.240784343,0,1.065990288,2.305951881
2023-03-19 10:30:00,0.232221642,0.06146,0.473897599,0.705919991,1.679044879,0,1.479505342,3.158823959
2023-03-19 10:45:00,0.27567559,0.06146,0.29244543,0.568121073,1.96830669,0,1.751217885,3.720106038
2023-03-19 11:00:00,0.236345164,0.06146,0.271229184,0.507574322,1.096460245,0,0.928654817,2.025547034
2023-03-19 11:15:00,0.278041969,0.06146,0.460331892,0.738373825,1.47794971,0,1.286343407,2.763691948
2023-03-19 11:30:00,0.236012982,0.06146,0.293718347,0.529731439,1.735208593,0,1.532729785,3.268392351
2023-03-19 11:45:00,1.313678394,1.185822636,4.674287267,7.164322318,1.798709219,0,1.588663226,3.38666723
2023-03-19 12:00:00,1.754147015,1.629046866,6.304076876,9.687270925,1.790478615,0,1.577979898,3.368634202
2023-03-19 12:15:00,1.705207534,1.626875761,6.033386277,9.365469633,2.285281947,0,2.048227354,4.333522113
2023-03-19 12:30:00,1.747641736,1.618822453,5.926801733,9.293323564,2.103606745,0,1.88082884,3.985704233
2023-03-19 12:45:00,1.703102139,1.61945428,5.836801125,9.15967811,1.773849249,0,1.57076082,3.344470361
2023-03-19 13:00:00,1.179549849,1.056298233,5.020006488,7.255800532,1.988620903,0,1.772476201,3.762754346
2023-03-19 13:15:00,1.566211785,1.38745493,5.543190935,8.499743523,1.041623165,0,0.877955876,1.920074
2023-03-19 13:30:00,1.08055906,0.918794667,4.827353664,6.829060474,1.752301851,0,1.549736205,3.301323636
2023-03-19 13:45:00,1.347779909,1.151132598,5.109201955,7.607198452,1.548192616,0,1.352679253,2.901768846
2023-03-19 14:00:00,1.32429324,1.177063171,5.341863387,7.842583822,2.047458159,0,1.824942669,3.871090751
2023-03-19 14:15:00,1.311756275,1.119508943,5.114839885,7.54514899,2.061306457,0,1.84018038,3.901776317
2023-03-19 14:30:00,1.168646959,1.012401172,5.149007822,7.32996151,1.834626665,0,1.623011305,3.457818894
2023-03-19 14:45:00,1.339489247,1.099839185,5.178801871,7.616907639,1.721177022,0,1.513598785,3.233438476
2023-03-19 15:00:00,1.297800287,0.97925486,4.931951796,7.209183247,1.683341614,0,1.479902478,3.164483938
2023-03-19 15:15:00,1.358774114,1.081083026,5.258339542,7.697385428,1.457462301,0,1.267397039,2.725361988
2023-03-19 15:30:00,1.386909511,1.055127588,5.037718336,7.479626441,1.518486447,0,1.324043879,2.843284184
2023-03-19 15:45:00,1.358667192,1.07099234,5.056898818,7.48672817,1.011319422,0,0.847006433,1.858440132
2023-03-19 16:00:00,1.324955872,1.008277948,5.197717757,7.53127676,1.061920647,0,0.893309397,1.955510998
2023-03-19 16:15:00,1.26115422,0.973478072,4.932785452,7.167810883,0.5307833,0,0.397571762,0.928282643
2023-03-19 16:30:00,1.809197039,1.635636746,5.469871562,8.915912926,0.369450595,0,0.247476563,0.617029997
2023-03-19 16:45:00,2.732650416,2.639285456,3.635026399,9.0082531,0.283665273,0,0.169253812,0.45301077
2023-03-19 17:00:00,2.932632536,2.843997675,5.856167335,11.63330401,0.235605886,0,0.125597642,0.361468827
2023-03-19 17:15:00,2.641534796,2.551799346,5.332357285,10.52537589,0.135123362,0,0.048063115,0.172382384
2023-03-19 17:30:00,2.657504762,2.568152029,3.768547199,8.995099678,0.136433432,0,0.044747673,0.17527168
2023-03-19 17:45:00,2.869433525,2.806239035,5.957282207,11.63207783,0.113067949,0,0.027082907,0.128358912
2023-03-19 18:00:00,2.674021998,2.566235282,4.464815799,9.705015856,0.068031718,0,0.022602211,0.057585485
2023-03-19 18:15:00,2.56221787,2.510220626,4.589429006,9.660305704,0.04509297,0,0.062459803,0.040385416
2023-03-19 18:30:00,2.618179016,2.520034196,5.504934583,10.64201939,0.0444,0,0.11027,0.05702
2023-03-19 18:45:00,2.735355156,2.739324992,4.132015282,9.606695537,0.0444,0,0.11027,0.05702
2023-03-19 19:00:00,3.115673392,3.235914562,6.818090418,13.16967862,0.0444,0,0.11027,0.05702
2023-03-19 19:15:00,2.281208886,2.339989303,6.084248418,10.70544688,0.0444,0,0.11027,0.05702
2023-03-19 19:30:00,2.504863544,2.632305594,6.232323479,11.36949287,0.0444,0,0.11027,0.05702
2023-03-19 19:45:00,2.575609154,3.664235353,6.418293168,12.65813831,0.0444,0,0.11027,0.05702
2023-03-19 20:00:00,3.01256143,4.307313356,6.135770622,13.45564538,0.0444,0,0.11027,0.05702
2023-03-19 20:15:00,1.564376791,1.653025451,0.651429101,3.868831075,0.0444,0,0.11027,0.05702
2023-03-19 20:30:00,1.518530192,2.2270313,0.882022429,4.627473705,0.0444,0,0.11027,0.05702
2023-03-19 20:45:00,1.516024413,1.59834324,0.783572213,3.900370888,0.0444,0,0.11027,0.05702
2023-03-19 21:00:00,1.549955978,2.063550657,0.786027881,4.400482465,0.0444,0,0.11027,0.05702
2023-03-19 21:15:00,1.041852562,1.258033143,0.608694128,2.909287665,0.0444,0,0.11027,0.05702
2023-03-19 21:30:00,0.41083826,0.126726784,0.570505384,1.051721494,0.0444,0,0.11027,0.05702
2023-03-19 21:45:00,0.23881388,0.08034,0.375871338,0.614728839,0.0444,0,0.11027,0.05702
2023-03-19 22:00:00,0.235791825,0.08034,0.54614175,0.781573172,0.0444,0,0.11027,0.05702
2023-03-19 22:15:00,0.275901835,0.086001117,0.439823294,0.728651381,0.0444,0,0.11027,0.05702
2023-03-19 22:30:00,0.287549942,1.983422252,2.685480886,4.95835283,0.0444,0,0.11027,0.05702
2023-03-19 22:45:00,0.33882801,2.441922645,2.628544889,5.409426344,0.0444,0,0.11027,0.05702
2023-03-19 23:00:00,0.286494794,2.405419526,2.248415333,4.94039307,0.0444,0,0.11027,0.05702
2023-03-19 23:15:00,0.321106267,2.372896432,1.81674644,4.51201904,0.0444,0,0.11027,0.05702
2023-03-19 23:30:00,0.27441406,2.355967982,2.095709605,4.724116592,0.0444,0,0.11027,0.05702
2023-03-19 23:45:00,0.272386811,2.355824187,1.816620481,4.443406921,0.0444,0,0.11027,0.05702
2023-03-20 00:00:00,0.279292412,2.341066938,1.671671072,4.289880203,0.0444,0,0.11027,0.05702
2023-03-20 00:15:00,0.270708082,2.337502056,1.916576255,4.526463487,0.0444,0,0.11027,0.05702
2023-03-20 00:30:00,0.32366258,2.328513056,1.708303102,4.36152048,0.0444,0,0.11027,0.05702
2023-03-20 00:45:00,0.277963054,2.322532744,1.678614567,4.279436523,0.0444,0,0.11027,0.05702
2023-03-20 01:00:00,0.27868184,2.322490768,1.798267208,4.400612345,0.0444,0,0.11027,0.05702
2023-03-20 01:15:00,0.244038404,2.324037015,1.831820981,4.401793559,0.0444,0,0.11027,0.05702
2023-03-20 01:30:00,0.236255223,2.321002454,1.685271014,4.242974217,0.0444,0,0.11027,0.05702
2023-03-20 01:45:00,0.278402035,2.311141314,1.784748276,4.374672232,0.0444,0,0.11027,0.05702
2023-03-20 02:00:00,0.403219163,2.307506717,1.218197108,3.929990099,0.0444,0,0.11027,0.05702
2023-03-20 02:15:00,0.476812382,2.357201611,1.417661093,4.250227156,0.0444,0,0.11027,0.05702
2023-03-20 02:30:00,0.413471663,2.413556227,1.274716115,4.100244252,0.0444,0,0.11027,0.05702
2023-03-20 02:45:00,0.393195346,2.095884778,0.523650036,3.012729919,0.0444,0,0.11027,0.05702
2023-03-20 03:00:00,0.446297535,2.098987393,0.601726977,3.147011681,0.0444,0,0.11027,0.05702
2023-03-20 03:15:00,0.401120843,2.097267832,0.426614715,2.925003549,0.0444,0,0.11027,0.05702
2023-03-20 03:30:00,0.438366379,2.095783591,0.568639071,3.102789077,0.0444,0,0.11027,0.05702
2023-03-20 03:45:00,0.393496884,2.0869864,0.517552484,2.998035568,0.0444,0,0.11027,0.05702
2023-03-20 04:00:00,0.427504997,2.08605412,0.554670811,3.068230053,0.0444,0,0.11027,0.05702
2023-03-20 04:15:00,0.387687978,2.083028128,0.511510724,2.982226823,0.0444,0,0.11027,0.05702
2023-03-20 04:30:00,0.34136643,2.084342694,0.555036235,2.980742295,0.0444,0,0.11027,0.05702
2023-03-20 04:45:00,0.213628116,2.081483219,0.397024571,2.692188857,0.0444,0,0.11027,0.05702
2023-03-20 05:00:00,0.212874136,2.079413215,0.615142037,2.907491709,0.0444,0,0.11027,0.05702
2023-03-20 05:15:00,0.252569224,2.076042089,0.373334492,2.702033847,0.0444,0,0.11027,0.05702
2023-03-20 05:30:00,0.21211081,2.077328424,0.521273009,2.81061457,0.0444,0,0.11027,0.05702
2023-03-20 05:45:00,0.254224246,2.083338599,0.534950334,2.872636957,0.0444,0,0.11027,0.05702
2023-03-20 06:00:00,0.216624027,2.084139803,0.49417581,2.794727096,0.0444,0,0.11027,0.05702
2023-03-20 06:15:00,0.996155836,2.860897923,0.626620928,4.482317916,0.0444,0,0.11027,0.05702
2023-03-20 06:30:00,1.471115927,3.409343454,0.42585516,5.306590907,0.0444,0,0.10499213,0.059056192
2023-03-20 06:45:00,1.466959848,3.39519998,0.518681398,5.380708261,0.057826188,0,0.07095,0.055406505
2023-03-20 07:00:00,1.49381258,3.182955497,0.61612322,5.293843597,0.134060738,0,0.055490133,0.180369606
2023-03-20 07:15:00,1.459415243,2.187022718,0.952127465,4.598658904,0.214652172,0,0.115163808,0.329723597
2023-03-20 07:30:00,1.515329078,3.298067254,1.269008576,6.081783324,0.336668603,0,0.223863512,0.560336794
2023-03-20 07:45:00,1.465897697,2.725133481,2.540957055,6.730350947,0.512442569,0,0.388185569,0.900466829
2023-03-20 08:00:00,1.514840624,2.579806226,4.593910763,8.688929334,0.680006421,0,0.543978999,1.223867503
2023-03-20 08:15:00,1.154924067,3.882193215,5.212868678,10.2492681,0.752639802,0,0.609852419,1.362478704
2023-03-20 08:30:00,1.319043912,3.844719983,5.713179992,10.87612486,0.85198161,0,0.703860239,1.555956993
2023-03-20 08:45:00,1.590408359,4.661531615,5.569262597,11.82233369,1.141171533,0,0.974179362,2.114952538
2023-03-20 09:00:00,1.61036569,3.835100259,5.807692077,11.25403297,1.016306833,0,0.855573684,1.871940002
2023-03-20 09:15:00,1.527221812,4.453170709,4.507077736,10.48992683,0.99039157,0,0.834638569,1.825099623
2023-03-20 09:30:00,2.418428942,4.518808458,5.274406619,12.21197803,1.467598749,0,1.27625775,2.743443331
2023-03-20 09:45:00,2.983339723,4.69377696,7.845419299,15.52006855,1.423664488,0,1.235282589,2.658706102
2023-03-20 10:00:00,2.594106731,4.290584277,7.073321568,13.9607988,1.789472607,0,1.577570311,3.366846705
2023-03-20 10:15:00,2.165472181,5.043459917,5.566719423,12.7738534,1.162386275,0,0.991309805,2.154121919
2023-03-20 10:30:00,2.165754749,4.03138358,7.070103013,13.26717483,1.485924811,0,1.29489328,2.781339757
2023-03-20 10:45:00,2.574786602,6.980138308,6.158226991,15.71315277,1.193083082,0,1.019874381,2.213075991
2023-03-20 11:00:00,2.701309613,6.265598107,7.219550604,16.18645852,1.904488298,0,1.689509218,3.593818089
2023-03-20 11:15:00,2.728601452,4.825511831,4.085236199,11.63934996,2.084775282,0,1.858357481,3.941785554
2023-03-20 11:30:00,1.787429946,4.810355313,5.962132076,12.55991734,1.753829613,0,1.548222476,3.303860848
2023-03-20 11:45:00,1.417880744,4.744867494,5.330097063,11.49284544,1.289884486,0,1.113211303,2.402419547
2023-03-20 12:00:00,2.314628325,4.829262847,6.421992081,13.56588387,1.833811693,0,1.624423007,3.456792566
2023-03-20 12:15:00,2.61073963,4.745118091,7.286493415,14.64235158,2.151197301,0,1.924874714,4.077601381
2023-03-20 12:30:00,2.762468163,4.979763686,5.458706585,13.19918763,2.484775976,0,2.245927554,4.729295953
2023-03-20 12:45:00,2.810811258,5.508906447,7.928840633,16.24842665,2.396481238,0,2.159796121,4.556223882
2023-03-20 13:00:00,2.837872834,5.21376249,5.64967952,13.70122011,1.975515322,0,1.762590282,3.738581563
2023-03-20 13:15:00,5.566465275,8.574023515,9.303239289,23.44280519,2.145202956,0,1.92575789,4.071128874
2023-03-20 13:30:00,6.207407008,10.43971028,9.812681391,26.45992175,2.285392606,0,2.053209918,4.340001639
2023-03-20 13:45:00,6.021057168,10.36509934,9.686231696,26.06904893,2.239707518,0,2.003960766,4.242736884
2023-03-20 14:00:00,6.168972197,9.179609186,10.95567809,26.30267186,2.130484775,0,1.901047132,4.031150552
2023-03-20 14:15:00,5.603222243,7.117079869,8.192941395,20.91870554,2.07285703,0,1.849821604,3.922385757
2023-03-20 14:30:00,5.523068615,9.715202417,11.62184191,26.8628276,1.977391631,0,1.754313724,3.730348393
2023-03-20 14:45:00,5.992111846,9.88685317,11.20832365,27.08697244,1.888999329,0,1.670162793,3.559539708
2023-03-20 15:00:00,5.790883187,9.189179068,9.07837021,24.06200401,1.765743421,0,1.553436053,3.319141241
2023-03-20 15:15:00,5.542239921,8.313674954,10.26734799,24.12303645,1.639486535,0,1.438437247,3.077544974
2023-03-20 15:30:00,5.385214565,6.966820287,8.476679257,20.8237683,1.512834886,0,1.320136532,2.833196816
2023-03-20 15:45:00,5.679221929,7.942855508,11.48902264,25.11121388,1.377718651,0,1.193770866,2.571972573
2023-03-20 16:00:00,4.527827442,5.995585056,9.432332285,19.95066034,1.106064191,0,0.9368215,2.042859661
2023-03-20 16:15:00,2.809167911,4.626714449,7.940424135,15.38000937,0.50531828,0,0.378950776,0.884432262
2023-03-20 16:30:00,2.493525175,4.227388477,8.23965279,14.95714457,0.265900035,0,0.159859817,0.425753155
2023-03-20 16:45:00,2.433800037,3.760437243,6.967479626,13.16981271,0.230299124,0,0.128780993,0.359129242
2023-03-20 17:00:00,2.381961938,4.051389605,9.041561981,15.47682779,0.171192707,0,0.078067649,0.249332544
2023-03-20 17:15:00,2.486945709,4.01998272,7.006894024,13.51511177,0.176636045,0,0.082568826,0.259345967
2023-03-20 17:30:00,2.322504578,3.540677052,8.29396532,14.15290684,0.109866077,0,0.028608237,0.135319168
2023-03-20 17:45:00,2.619655405,4.884674823,7.611788303,15.12409533,0.105991476,0,0.026048378,0.126273172
2023-03-20 18:00:00,3.096565316,4.618848017,7.257088688,14.9698931,0.069692923,0,0.022834793,0.063088117
2023-03-20 18:15:00,2.704557065,4.619488059,6.474849127,13.80282628,0.04543,0,0.086673703,0.047531142
2023-03-20 18:30:00,1.301790008,3.955995094,4.84123841,10.08763142,0.04543,0,0.10995,0.04793
2023-03-20 18:45:00,2.282027704,4.439013052,6.969203253,13.69024439,0.04543,0,0.10995,0.04793
2023-03-20 19:00:00,1.715327056,4.285742646,3.971405693,9.972475518,0.04543,0,0.10995,0.04793
2023-03-20 19:15:00,2.162773131,4.227228245,6.707384618,13.09738579,0.04543,0,0.10995,0.04793
2023-03-20 19:30:00,1.800051213,4.313963957,4.947058237,11.0610736,0.04543,0,0.10995,0.04793
2023-03-20 19:45:00,1.014599128,2.908517109,6.660646569,10.58376322,0.04543,0,0.10995,0.04793
2023-03-20 20:00:00,0.651299838,2.733849479,2.829855853,6.215005175,0.04543,0,0.10995,0.04793
2023-03-20 20:15:00,0.258632484,2.509933856,1.285499093,4.054065603,0.04543,0,0.10995,0.04793
2023-03-20 20:30:00,0.284113376,2.503697428,1.281244467,4.069009504,0.04543,0,0.10995,0.04793
2023-03-20 20:45:00,0.314510665,2.511759059,1.217598448,4.042252002,0.04543,0,0.10995,0.04793
2023-03-20 21:00:00,0.272786622,2.401173961,1.348938231,4.023277422,0.04543,0,0.10995,0.04793
2023-03-20 21:15:00,0.290443862,2.370460489,1.67479403,4.334944223,0.04543,0,0.10995,0.04793
2023-03-20 21:30:00,0.28671691,2.367652025,1.220059348,3.871722247,0.04543,0,0.10995,0.04793
2023-03-20 21:45:00,0.272717131,2.374537716,1.557176575,4.207732283,0.04543,0,0.10995,0.04793
2023-03-20 22:00:00,0.336479371,2.380372683,1.328649598,4.046336162,0.04543,0,0.10995,0.04793
2023-03-20 22:15:00,0.286850078,2.376464885,1.528429547,4.193621069,0.04543,0,0.10995,0.04793
2023-03-20 22:30:00,0.288130564,2.380977196,1.175467668,3.84622803,0.04543,0,0.10995,0.04793
2023-03-20 22:45:00,0.313836293,2.379916184,1.514676874,4.205395377,0.04543,0,0.10995,0.04793
2023-03-20 23:00:00,0.259182945,2.381257724,1.333500586,3.974281281,0.04543,0,0.10995,0.04793
2023-03-20 23:15:00,0.275492307,2.370805275,1.516699415,4.165006617,0.04543,0,0.10995,0.04793
2023-03-20 23:30:00,0.328735402,2.371930296,0.695017201,3.397188014,0.04543,0,0.10995,0.04793
2023-03-20 23:45:00,0.274720146,2.367354498,0.785727966,3.428561911,0.04543,0,0.10995,0.04793
2023-03-21 00:00:00,0.280836511,2.35951159,0.445311795,3.087533053,2.093255942,0,1.865311312,3.958284367
2023-03-21 00:15:00,0.323740021,2.35832431,0.961814976,3.644922779,2.064684871,0,1.840618887,3.906035271
2023-03-21 00:30:00,0.274479411,2.357601284,0.899974134,3.532157585,1.97281656,0,1.75531619,3.728565522
2023-03-21 00:45:00,0.278909243,2.862472511,0.876157602,4.019783453,2.189463738,0,1.962852246,4.152319504
2023-03-21 01:00:00,0.317898015,3.660546646,1.047218275,5.025307855,1.976055774,0,1.759272377,3.735115049
2023-03-21 01:15:00,0.276555714,3.657840391,0.91698897,4.853719061,2.294826826,0,2.061397284,4.355412991
2023-03-21 01:30:00,0.315899969,3.653068771,1.168591867,5.13469043,2.212403671,0,1.977986984,4.189357669
2023-03-21 01:45:00,0.239028881,3.643403358,1.003220926,4.884052908,2.073785037,0,1.855244012,3.928708142
2023-03-21 02:00:00,0.251085113,3.63836339,1.211530645,5.100230846,2.043707229,0,1.820934676,3.865646379
2023-03-21 02:15:00,0.314260356,3.627655093,1.05029462,4.991787106,1.818069771,0,1.607501427,3.425645001
2023-03-21 02:30:00,0.265509513,3.623234039,1.156264124,5.046104211,2.139499596,0,1.911704249,4.051274702
2023-03-21 02:45:00,0.265650966,3.62210339,0.855435557,4.743189842,1.942313111,0,1.724283131,3.667364112
2023-03-21 03:00:00,0.313072666,3.127417151,1.18841001,4.628900014,1.904434477,0,1.687962643,3.593116869
2023-03-21 03:15:00,0.239286755,2.470494795,0.689733704,3.399515189,1.920204318,0,1.701933238,3.621657977
2023-03-21 03:30:00,0.389392366,2.938940108,0.335719288,3.664051667,1.800273657,0,1.584004468,3.383725957
2023-03-21 03:45:00,0.40168008,2.499112286,0.33542107,3.236213326,1.77370667,0,1.565196512,3.338928213
2023-03-21 04:00:00,0.399879274,2.565778027,0.432615571,3.398272323,1.678099459,0,1.471103273,3.149669708
2023-03-21 04:15:00,0.293572878,2.919515404,0.336473537,3.549561921,1.554594835,0,1.360737769,2.914969822
2023-03-21 04:30:00,0.225301245,2.167702429,0.312235964,2.705328143,1.384366203,0,1.198781003,2.583663948
2023-03-21 04:45:00,0.226804015,2.972788104,0.463753902,3.664356641,1.090632682,0,0.921357239,2.01230801
2023-03-21 05:00:00,0.267929391,2.661487237,0.402528466,3.331333188,0.485786587,0,0.357463773,0.843557432
2023-03-21 05:15:00,0.216941314,2.531713261,0.411213866,3.15978774,0.256086988,0,0.145333861,0.401404653
2023-03-21 05:30:00,0.262300256,3.158157427,0.452142793,3.872992644,0.224760453,0,0.117557339,0.342292274
2023-03-21 05:45:00,0.214110936,2.290685427,0.475941828,2.980814508,0.200273704,0,0.096235289,0.296503823
2023-03-21 06:00:00,0.213427842,2.992011287,0.357182989,3.561483727,0.17208672,0,0.07368962,0.245724714
2023-03-21 06:15:00,0.258561297,2.115072722,0.292321391,2.665836246,0.136766288,0,0.044683947,0.181301125
2023-03-21 06:30:00,0.248073163,2.94429253,0.34774409,3.540401717,0.10716614,0,0.027297387,0.121202425
2023-03-21 06:45:00,0.224561367,2.364553094,0.204864658,2.793448205,0.069678024,0,0.0237,0.065570161
2023-03-21 07:00:00,0.682179163,2.803121246,0.242567825,3.727770093,0.045063731,0,0.072142659,0.046581855
2023-03-21 07:15:00,1.15137454,2.183801812,0.373937974,3.709300298,0.04494,0,0.11702,0.05832
2023-03-21 07:30:00,1.547239121,2.322083179,0.266546861,4.135658618,0.04494,0,0.11702,0.05832
2023-03-21 07:45:00,1.506485688,2.328047964,0.256688451,4.091242537,0.04494,0,0.11702,0.05832
2023-03-21 08:00:00,1.529918085,2.369761882,0.689710681,4.589311379,0.04494,0,0.11702,0.05832
2023-03-21 08:15:00,1.570895725,2.572989938,1.696682052,5.840967819,0.04494,0,0.11702,0.05832
2023-03-21 08:30:00,1.515988579,2.600623702,1.614541762,5.731012798,0.04494,0,0.11702,0.05832
2023-03-21 08:45:00,1.560460552,2.613575097,1.656878716,5.831476935,0.04494,0,0.11702,0.05832
2023-03-21 09:00:00,1.515385948,2.302818551,0.459611458,4.278056466,0.04494,0,0.11702,0.05832
2023-03-21 09:15:00,1.66041996,2.382246892,0.575612047,4.618023878,0.04494,0,0.11702,0.05832
2023-03-21 09:30:00,1.570698812,3.134261636,4.201427783,8.905672516,0.04494,0,0.11702,0.05832
2023-03-21 09:45:00,1.517588584,4.053008732,5.786469124,11.35676809,0.04494,0,0.11702,0.05832
2023-03-21 10:00:00,1.561777838,3.413829783,5.671895457,10.64788107,0.04494,0,0.11702,0.05832
2023-03-21 10:15:00,1.568324109,3.13821116,5.525331765,10.23291341,0.04494,0,0.11702,0.05832
2023-03-21 10:30:00,2.997031138,4.328721757,5.486547342,12.81177902,0.04494,0,0.11702,0.05832
2023-03-21 10:45:00,2.421996325,3.690327875,5.035864337,11.14818861,0.04494,0,0.11702,0.05832
2023-03-21 11:00:00,2.283232955,4.962874451,3.541972735,10.78808017,0.04494,0,0.11702,0.05832
2023-03-21 11:15:00,2.672628805,5.75641485,6.646282448,15.07532699,0.04494,0,0.11702,0.05832
2023-03-21 11:30:00,2.685654936,6.188419616,6.432747655,15.30969276,0.04494,0,0.11702,0.05832
2023-03-21 11:45:00,2.953304427,5.640897746,4.782729296,13.37801305,0.04494,0,0.11702,0.05832
2023-03-21 12:00:00,2.721854842,6.783408234,6.813749607,16.31807548,0.04494,0,0.11702,0.05832
2023-03-21 12:15:00,2.803676376,6.948956324,4.432925212,14.18893141,0.04494,0,0.11702,0.05832
2023-03-21 12:30:00,2.752855667,6.811221152,6.756084371,16.32147996,0.04494,0,0.11702,0.05832
2023-03-21 12:45:00,2.556417458,5.924472623,5.430421111,13.91434672,0.04494,0,0.11702,0.05832
2023-03-21 13:00:00,2.613949418,5.148656684,5.374507342,13.13210104,0.04543,0,0.10995,0.04793
2023-03-21 13:15:00,3.431589166,6.816668993,8.362629624,18.6077466,0.04543,0,0.10995,0.04793
2023-03-21 13:30:00,6.296013185,9.026879055,10.12400715,25.4461099,0.04543,0,0.10995,0.04793
2023-03-21 13:45:00,5.433881186,8.714882372,9.383880546,23.53099164,0.04543,0,0.10995,0.04793
2023-03-21 14:00:00,5.397465224,8.684128149,9.342101415,23.42155138,0.04543,0,0.10995,0.04793
2023-03-21 14:15:00,5.396982305,8.022305864,10.80431685,24.22435351,0.04543,0,0.10995,0.04793
2023-03-21 14:30:00,5.895998192,10.07713207,8.127225346,24.10175494,0.04543,0,0.10995,0.04793
2023-03-21 14:45:00,5.988954865,11.83465347,10.09957293,27.92683358,0.04543,0,0.10995,0.04793
2023-03-21 15:00:00,6.078864841,10.75666933,12.18511676,29.01985783,0.04543,0,0.10995,0.04793
2023-03-21 15:15:00,5.64503329,8.429054652,9.509159025,23.58423991,0.04543,0,0.10995,0.04793
2023-03-21 15:30:00,4.449341221,6.980529684,10.99486464,22.42449126,0.04543,0,0.10995,0.04793
2023-03-21 15:45:00,3.382227615,6.035442331,10.41205549,19.83195123,0.04543,0,0.10995,0.04793
2023-03-21 16:00:00,1.992049458,4.482083241,10.87245654,17.34208744,0.04543,0,0.10995,0.04793
2023-03-21 16:15:00,1.791060479,4.415635664,10.22291454,16.43260465,0.04543,0,0.10995,0.04793
2023-03-21 16:30:00,1.939003334,4.749487785,9.876571431,16.56594907,0.04543,0,0.10995,0.04793
2023-03-21 16:45:00,2.030577842,5.204619598,10.94018459,18.17858123,0.04543,0,0.10995,0.04793
2023-03-21 17:00:00,1.960443286,4.542615606,9.401938962,15.90428292,0.04543,0,0.10995,0.04793
2023-03-21 17:15:00,1.911756779,4.45094041,10.87937959,17.24169849,0.04543,0,0.10995,0.04793
2023-03-21 17:30:00,1.82233181,3.996427291,8.508416157,14.3211816,0.04543,0,0.10995,0.04793
2023-03-21 17:45:00,1.654049143,3.714421085,9.995781046,15.364082,0.04543,0,0.10995,0.04793
2023-03-21 18:00:00,1.778512673,2.943428187,6.743143281,11.47047803,0.04543,0,0.10995,0.04793
2023-03-21 18:15:00,1.78866164,2.794412732,8.7396281,13.32059826,0.04543,0,0.10995,0.04793
2023-03-21 18:30:00,1.777129309,2.78494655,6.454778473,11.01452457,0.04543,0,0.10995,0.04793
2023-03-21 18:45:00,1.836335959,2.719843249,7.338395096,11.89235905,0.04543,0,0.10995,0.04793
2023-03-21 19:00:00,1.723915508,2.556019681,5.454371692,9.738959751,0.04543,0,0.10995,0.04793
2023-03-21 19:15:00,1.597363325,2.342670001,2.207341285,6.148013528,0.04543,0,0.10995,0.04793
2023-03-21 19:30:00,1.598813355,2.284347968,0.914753833,4.799119096,0.04543,0,0.10995,0.04793
2023-03-21 19:45:00,1.529895978,2.273855481,0.90811347,4.71458119,0.04543,0,0.108227811,0.048968659
2023-03-21 20:00:00,1.645436612,2.267283653,1.278756221,5.192610518,0.057177515,0,0.07037,0.062216181
2023-03-21 20:15:00,1.558495973,2.276572947,3.212863131,7.047866964,0.127496803,0,0.042402555,0.162771038
2023-03-21 20:30:00,1.280687949,2.270076028,3.303504498,6.857347069,0.231934287,0,0.125678101,0.357558716
2023-03-21 20:45:00,0.249466428,2.325608248,1.281115939,3.859061693,0.391330634,0,0.27008593,0.661388069
2023-03-21 21:00:00,0.304854058,2.34597636,0.824593097,3.477360919,0.532759151,0,0.402590435,0.93545055
2023-03-21 21:15:00,0.248505199,2.337971811,0.895909127,3.479366553,0.740370712,0,0.593167056,1.333032049
2023-03-21 21:30:00,0.306234474,2.342766406,0.625462187,3.273372444,0.919416784,0,0.761703387,1.681103052
2023-03-21 21:45:00,0.255765534,2.349026264,1.022064924,3.62583978,1.105247452,0,0.935637018,2.040910597
2023-03-21 22:00:00,0.257784668,2.342726801,0.653488688,3.254972811,1.152022331,0,0.978190854,2.130427025
2023-03-21 22:15:00,0.309122684,2.34177145,0.6558108,3.304213042,0.854348746,0,0.702297855,1.556752423
2023-03-21 22:30:00,0.262318262,2.341332037,0.920702426,3.524688318,1.398012577,0,1.210269627,2.607046379
2023-03-21 22:45:00,0.270587686,2.351084592,0.776351566,3.39764148,1.258233132,0,1.080341063,2.338994348
2023-03-21 23:00:00,0.323425105,2.340704649,0.673232107,3.337065166,0.917807368,0,0.759514659,1.677226987
2023-03-21 23:15:00,0.270231322,2.347522703,0.931868531,3.549241291,1.615586266,0,1.414798879,3.030823792
2023-03-21 23:30:00,0.269429051,2.346260234,0.773806321,3.389889416,1.927546507,0,1.711883155,3.639467797
2023-03-21 23:45:00,0.31992503,2.344589307,0.679840761,3.343149265,2.025641915,0,1.797348673,3.822664564
2023-03-22 00:00:00,0.277619421,2.351707379,0.93286977,3.564169762,0.04494,0,0.11702,0.05832
2023-03-22 00:15:00,0.314891892,2.35031223,0.799336516,3.464566936,0.04494,0,0.11702,0.05832
2023-03-22 00:30:00,0.275152716,2.343815264,0.792079791,3.410117864,0.04494,0,0.11702,0.05832
2023-03-22 00:45:00,0.277435924,2.345992594,1.008950291,3.632787026,0.04494,0,0.11702,0.05832
2023-03-22 01:00:00,0.335076267,2.344699714,0.757396009,3.438387629,0.04494,0,0.11702,0.05832
2023-03-22 01:15:00,0.302383878,2.331787256,0.876716891,3.511503269,0.04494,0,0.11702,0.05832
2023-03-22 01:30:00,0.297088398,2.326561688,1.001456494,3.623677685,0.04494,0,0.11702,0.05832
2023-03-22 01:45:00,0.307755016,2.324619197,0.673712879,3.304633749,0.04494,0,0.11702,0.05832
2023-03-22 02:00:00,0.284881834,2.327655935,0.67530751,3.289783722,0.04494,0,0.11702,0.05832
2023-03-22 02:15:00,0.279258985,2.325893827,0.947407215,3.55328707,0.04494,0,0.11702,0.05832
2023-03-22 02:30:00,0.32584096,2.326719182,0.767306343,3.421938262,0.04494,0,0.11702,0.05832
2023-03-22 02:45:00,0.250318712,2.463979157,0.681990069,3.398039198,0.04494,0,0.11702,0.05832
2023-03-22 03:00:00,0.306111746,2.441143465,0.774266957,3.523616193,0.04494,0,0.11702,0.05832
2023-03-22 03:15:00,0.393940406,2.09089464,0.276226541,2.761150634,0.04494,0,0.11702,0.05832
2023-03-22 03:30:00,0.349859732,2.08889899,0.278146903,2.716915893,0.04494,0,0.11702,0.05832
2023-03-22 03:45:00,0.266982638,2.087088664,0.254691971,2.608359283,0.04494,0,0.11702,0.05832
2023-03-22 04:00:00,0.216853626,2.0852869,0.391931079,2.694285436,0.04494,0,0.11702,0.05832
2023-03-22 04:15:00,0.217020162,2.083950862,0.293188319,2.59462172,0.04494,0,0.11702,0.05832
2023-03-22 04:30:00,0.26500796,2.079580239,0.339953557,2.684229139,0.04494,0,0.11702,0.05832
2023-03-22 04:45:00,0.223973878,2.084855887,0.473382386,2.782187535,0.04494,0,0.11702,0.05832
2023-03-22 05:00:00,0.272109027,2.078707184,0.372200932,2.723083758,0.04494,0,0.11702,0.05832
2023-03-22 05:15:00,0.220635112,2.077573603,0.344472974,2.642688854,0.04494,0,0.11702,0.05832
2023-03-22 05:30:00,0.218065368,2.081335229,0.338569843,2.637988966,0.04494,0,0.11702,0.05832
2023-03-22 05:45:00,0.265512077,2.080134663,0.385828044,2.731161903,0.04494,0,0.11702,0.05832
2023-03-22 06:00:00,0.217685066,2.081804451,0.260224595,2.559603268,0.04494,0,0.11702,0.05832
2023-03-22 06:15:00,0.213616897,2.075578823,0.276493736,2.565708491,0.04494,0,0.11702,0.05832
2023-03-22 06:30:00,0.262555528,2.074655867,0.168441676,2.505651029,0.053039148,0,0.077214103,0.057368097
2023-03-22 06:45:00,0.213856935,2.083401744,0.328190166,2.625222032,0.132381987,0,0.063857916,0.17786477
2023-03-22 07:00:00,0.215381841,2.091319015,0.379599745,2.686320016,0.267420662,0,0.16189956,0.429162854
2023-03-22 07:15:00,0.2632438,2.096967278,0.357796155,2.717724859,0.345344306,0,0.232501257,0.577947549
2023-03-22 07:30:00,1.336891283,3.281616995,0.477411529,5.096215618,0.349484783,0,0.23746942,0.586980455
2023-03-22 07:45:00,1.52848527,3.579621757,0.373162588,5.481282077,0.291750571,0,0.185010707,0.476500909
2023-03-22 08:00:00,1.471208206,3.72623719,0.386498557,5.583358563,0.565565301,0,0.436312062,1.001623352
2023-03-22 08:15:00,1.46927002,3.73582695,0.573336955,5.778346862,0.990320883,0,0.832006285,1.821767715
2023-03-22 08:30:00,1.525690498,3.773559305,0.449882932,5.749163646,1.130694515,0,0.961562036,2.091827329
2023-03-22 08:45:00,1.481625104,3.787373546,1.111829119,6.380237194,1.125791309,0,0.956862332,2.082203325
2023-03-22 09:00:00,1.557339799,3.96615649,3.176979411,8.697459808,1.267421104,0,1.089210399,2.356429171
2023-03-22 09:15:00,2.958948418,5.317320388,7.461063806,15.73735225,1.368679104,0,1.184340276,2.552063204
2023-03-22 09:30:00,3.012260738,7.035377358,8.666585637,18.71421135,1.470647946,0,1.282003245,2.752242408
2023-03-22 09:45:00,2.520258309,6.783801939,9.550821599,18.85372051,1.741604354,0,1.536088473,3.277833015
2023-03-22 10:00:00,2.475290713,6.311893436,8.736651709,17.52558467,1.655330752,0,1.45914675,3.11512313
2023-03-22 10:15:00,2.35443477,6.195064591,6.696679233,15.24800314,1.833724122,0,1.629215267,3.463129159
2023-03-22 10:30:00,2.006346654,6.787427704,8.301885167,17.10031234,1.909665077,0,1.699165436,3.608112029
2023-03-22 10:45:00,1.982674247,7.986099597,8.39226968,18.35818468,1.979042571,0,1.761116698,3.740633444
2023-03-22 11:00:00,1.904575553,7.249494303,5.897548852,15.05778527,2.032911441,0,1.816941547,3.849225617
2023-03-22 11:15:00,2.452378093,6.370582998,9.016234195,17.84039828,2.026536467,0,1.809799702,3.837871368
2023-03-22 11:30:00,1.685068451,6.303682781,6.700895589,14.68736814,2.255532098,0,2.022478403,4.277280003
2023-03-22 11:45:00,2.390850285,6.215176756,8.085450407,16.69357878,1.784957964,0,1.579000269,3.363769311
2023-03-22 12:00:00,1.488334383,5.249178637,7.156693185,13.89459933,2.145811597,0,1.915958461,4.060406882
2023-03-22 12:15:00,2.532565198,6.343892858,7.384056967,16.25562423,1.408828937,0,1.22563197,2.635119709
2023-03-22 12:30:00,2.10853406,5.887911603,8.76535624,16.76494207,2.556683426,0,2.308237543,4.865051868
2023-03-22 12:45:00,2.497797382,6.434508857,6.802704033,15.73692417,2.361444696,0,2.125402077,4.487179432
2023-03-22 13:00:00,2.33285266,6.309307912,8.343490159,16.98441378,2.365499566,0,2.125737008,4.490972416
2023-03-22 13:15:00,2.478375692,7.51606579,6.452495572,16.44752889,2.383209924,0,2.141277511,4.524771476
2023-03-22 13:30:00,2.626010499,7.848780497,9.0836316,19.55605349,1.604860118,0,1.407767386,3.011300809
2023-03-22 13:45:00,5.859239256,12.06290683,9.369596042,27.28981066,1.992664295,0,1.768161562,3.761158371
2023-03-22 14:00:00,5.745258296,11.6816975,7.835457238,25.26297885,2.034225151,0,1.815931579,3.85121714
2023-03-22 14:15:00,5.339566968,10.82704393,7.387261219,23.55741026,1.982416289,0,1.761693931,3.744377423
2023-03-22 14:30:00,5.408060638,11.41353321,7.60174192,24.42396046,1.931439609,0,1.707800618,3.639211785
2023-03-22 14:45:00,5.467804369,12.81681424,10.5428033,28.82637179,1.826329396,0,1.611111393,3.438002461
2023-03-22 15:00:00,5.566176447,12.32923266,10.92341625,28.81846564,1.72999402,0,1.523979937,3.253547192
2023-03-22 15:15:00,5.386982638,11.20616633,11.12524331,27.72180354,1.602754636,0,1.403965559,3.006424182
2023-03-22 15:30:00,5.295920687,10.87575672,10.31152255,26.48518203,1.43133086,0,1.245739686,2.677386928
2023-03-22 15:45:00,5.202139496,10.52569413,10.29021996,26.01599999,1.250498028,0,1.073413419,2.323231335
2023-03-22 16:00:00,5.431852143,10.72900091,11.02825611,27.18703101,0.753822397,0,0.609169009,1.363236189
2023-03-22 16:15:00,5.238287593,10.41163453,8.44635312,24.0948478,0.3213885,0,0.208794215,0.530192382
2023-03-22 16:30:00,3.228289688,7.893932451,8.670904302,19.79422855,0.216408223,0,0.116771962,0.333236069
2023-03-22 16:45:00,2.554813376,7.306608875,8.687862712,18.54763051,0.181041264,0,0.086599899,0.267701324
2023-03-22 17:00:00,2.068422403,6.461163812,6.176684077,14.71526039,0.152950983,0,0.062535836,0.214837366
2023-03-22 17:15:00,2.711177531,5.86977186,8.58557236,17.1660079,0.071777941,0,0.024110256,0.071734466
2023-03-22 17:30:00,2.43059927,5.311076246,7.249282635,14.98754481,0.055606624,0,0.02418,0.031843734
2023-03-22 17:45:00,1.795406604,5.317837882,4.939696675,12.0514362,0.051988465,0,0.02418,0.028667178
2023-03-22 18:00:00,2.235112785,5.586366482,7.260373593,15.08573589,0.04463,0,0.077504663,0.050516849
2023-03-22 18:15:00,1.772787843,5.318277233,5.537196192,12.63408708,0.04463,0,0.10995,0.05912
2023-03-22 18:30:00,1.751097287,4.79789085,4.541252053,11.08297442,0.04463,0,0.10995,0.05912
2023-03-22 18:45:00,1.989324746,5.478822503,6.098271157,13.56699687,0.04463,0,0.10995,0.05912
2023-03-22 19:00:00,1.634491234,4.71522084,3.550274675,9.903146998,0.04463,0,0.10995,0.05912
2023-03-22 19:15:00,1.977947276,5.262501451,5.952634681,13.19788543,0.04463,0,0.10995,0.05912
2023-03-22 19:30:00,1.121439143,4.844694728,4.188093372,10.15432546,0.04463,0,0.10995,0.05912
2023-03-22 19:45:00,0.96378322,3.643700346,5.111603053,9.71938253,0.04463,0,0.10995,0.05912
2023-03-22 20:00:00,0.822499138,2.852463937,2.504765006,6.179827612,0.04463,0,0.10995,0.05912
2023-03-22 20:15:00,0.344951755,2.354638585,1.941442478,4.64112744,0.04463,0,0.10995,0.05912
2023-03-22 20:30:00,0.244458829,2.351437998,2.072793612,4.66850082,0.04463,0,0.10995,0.05912
2023-03-22 20:45:00,0.270311973,2.351614566,2.116434691,4.73949422,0.04463,0,0.10995,0.05912
2023-03-22 21:00:00,0.334105618,2.35398684,2.184138933,4.873848165,0.04463,0,0.10995,0.05912
2023-03-22 21:15:00,0.311089736,2.356301453,1.994454093,4.662069085,0.04463,0,0.10995,0.05912
2023-03-22 21:30:00,0.31709515,2.352362843,2.1989091,4.867441726,0.04463,0,0.10995,0.05912
2023-03-22 21:45:00,0.369371914,2.351273946,2.197428129,4.919450791,0.04463,0,0.10995,0.05912
2023-03-22 22:00:00,0.303594618,2.343584022,2.141369301,4.788816579,0.04463,0,0.10995,0.05912
2023-03-22 22:15:00,0.263436332,2.356835003,1.41130311,4.032715643,0.04463,0,0.10995,0.05912
2023-03-22 22:30:00,0.325753395,2.340465729,1.627030388,4.2949246,0.04463,0,0.10995,0.05912
2023-03-22 22:45:00,0.27654536,2.342670832,1.45868355,4.07750203,0.04463,0,0.10995,0.05912
2023-03-22 23:00:00,0.276734417,2.339188712,1.427534072,4.043497435,0.04463,0,0.10995,0.05912
2023-03-22 23:15:00,0.309897846,2.338102497,1.707522975,4.354232375,0.04463,0,0.10995,0.05912
2023-03-22 23:30:00,0.266853426,2.33621749,1.290348061,3.891657381,0.04463,0,0.10995,0.05912
2023-03-22 23:45:00,0.272058572,2.334200898,1.64470055,4.250305366,0.04463,0,0.10995,0.05912
